2, 3, 5, 7, 11, 13, 17, 19, 23, 29, 31, 37, 41, 43, 47, 53, 59, 61, 67, 71, 73, 79, 83, 89 and 97

második lehet 2, 3, 5, 7, 9

Regions (left-right / top-bottom / red-blue)
R0  -> 0, 1, 2, 5, 6, 9, 10, 11, 12, 17, 18, 19, 20, 21, 28, 31, 32, 34, 37, 38
R1  -> 3, 4, 7, 8, 13, 14, 15, 16, 22, 23, 24, 25, 26, 27, 29, 30, 33, 35, 36, 39
R2  -> 0, 1, 2, 3, 4, 7, 10, 13, 14, 17, 18, 22, 24, 26, 28, 29, 30, 31, 32, 33
R3  -> 5, 6, 7, 8, 11, 12, 15, 16, 19, 20, 21, 23, 25, 27, 34, 35, 36, 37, 38, 39
R4  -> 0, 9, 10, 15, 16, 17, 18, 19, 20, 23, 24, 25, 26, 27, 31, 32, 33, 36, 38, 39
R5  -> 1, 2, 3, 4, 5, 6, 7, 8, 11, 12, 13, 14, 21, 22, 28, 29, 30, 34, 35, 37
R6  -> 11, 12, 13, 14, 17, 18, 19, 20, 21, 22, 24, 25, 26, 27, 30, 32, 33, 37, 38, 39
R7  -> 0, 1, 2, 3, 4, 5, 6, 7, 8, 9, 10, 15, 16, 23, 28, 29, 31, 34, 35, 36
R8  -> 0, 1, 2, 7, 8, 17, 23, 25, 28, 29, 30, 31, 32, 33, 34, 35, 36, 37, 38, 39
R9  -> 3, 4, 5, 6, 9, 10, 11, 12, 13, 14, 15, 16, 18, 19, 20, 21, 22, 24, 26, 27
R10 -> 3, 4, 5, 6, 20, 21, 22, 24, 28, 29, 30, 31, 32, 33, 34, 35, 36, 37, 38, 39
R11 -> 0, 1, 2, 7, 8, 9, 10, 11, 12, 13, 14, 15, 16, 17, 18, 19, 23, 25, 26, 27

Prime Regions (left-right / top-bottom)

P0 -> 1, 2
P1 -> 3, 4
P2 -> 9, 10
P3 -> 13, 14
P4 -> 11, 12
P5 -> 15, 16
P6 -> 5, 6
P7 -> 7, 8